<<<<<<< HEAD
{0.0000003571,0.0000003693,0.0000030538,-0.0000000007,-0.0000000007,-0.0000000061,0.3424464060,0.4139014653,-0.0000000000,0.0000000000,0.0000000000,0.0000003570,0.0000003690,0.0000030538,-0.0000162029,-0.0974366323},
{0.0045848282,0.0000000034,0.0000000051,0.0034966187,-0.0000000000,-0.0000000000,0.0000000001,-0.0000000301,-0.0010999338,-0.0000000000,-0.0000000000,-0.0000000020,0.0000000034,0.0000000051,-0.0000000301,-0.0000000000},
{-0.0000000502,0.0047195244,-0.0000000589,0.0000000001,0.0035993842,0.0000000001,-0.0000000007,0.0000003555,-0.0000000000,-0.0011322608,0.0000000000,-0.0000000502,-0.0000000536,-0.0000000589,0.0000003555,0.0000000000},
{0.0000002454,0.0000001064,0.0071397847,-0.0000000005,-0.0000000002,0.0054451720,0.0000000003,-0.0000001475,-0.0000000000,-0.0000000000,-0.0017128890,0.0000002454,0.0000001064,-0.0000000155,-0.0000001475,-0.0000000000},
=======
{-0.0000000000,-0.0000000039,-0.0001591189,-0.0000000000,-0.0000000000,-0.0000003182,0.0134377497,0.0031591299},
{0.0034805385,-0.0000000000,-0.0000000055,0.0034944607,-0.0000000000,-0.0000000000,-0.0000000000,-0.0000000000},
{0.0000000000,0.0035828339,-0.0000002490,0.0000000000,0.0035971652,-0.0000000005,-0.0000000000,-0.0000000000},
{-0.0000000000,-0.0000000000,0.0001717797,-0.0000000000,-0.0000000000,0.0054328436,-0.0000000000,0.0000000000},
>>>>>>> yaw_fix
