<<<<<<< HEAD
       0.00000,       0.00000,       0.00000,      -0.00000,      -0.00000,      -0.00000,       0.34245,       0.41390,      -0.00000,       0.00000,       0.00000,       0.00000,       0.00000,       0.00000,      -0.00002,      -0.09744;
       0.00458,       0.00000,       0.00000,       0.00350,      -0.00000,      -0.00000,       0.00000,      -0.00000,      -0.00110,      -0.00000,      -0.00000,      -0.00000,       0.00000,       0.00000,      -0.00000,      -0.00000;
      -0.00000,       0.00472,      -0.00000,       0.00000,       0.00360,       0.00000,      -0.00000,       0.00000,      -0.00000,      -0.00113,       0.00000,      -0.00000,      -0.00000,      -0.00000,       0.00000,       0.00000;
       0.00000,       0.00000,       0.00714,      -0.00000,      -0.00000,       0.00545,       0.00000,      -0.00000,      -0.00000,      -0.00000,      -0.00171,       0.00000,       0.00000,      -0.00000,      -0.00000,      -0.00000;
=======
      -0.00000,      -0.00000,      -0.00016,      -0.00000,      -0.00000,      -0.00000,       0.01344,       0.00316;
       0.00348,      -0.00000,      -0.00000,       0.00349,      -0.00000,      -0.00000,      -0.00000,      -0.00000;
       0.00000,       0.00358,      -0.00000,       0.00000,       0.00360,      -0.00000,      -0.00000,      -0.00000;
      -0.00000,      -0.00000,       0.00017,      -0.00000,      -0.00000,       0.00543,      -0.00000,       0.00000;
>>>>>>> yaw_fix
